date,containment_and_health,stringency,economics_sup,total_cases,new_cases,total_deaths,new_deaths,gov_response,total_vaccinations,people_vaccinated,people_fully_vaccinated,total_boosters
2022-07-03,0.16626525130583886,0.2218335123568697,0.11686793922867161,382.0,34.0,2.0,2.0,0.1569273805603555,1440692.0,613922.0,586207.0,279958.0
2022-07-04,0.16626525130583886,0.2218335123568697,0.11686793922867161,400.0,18.0,2.0,0.0,0.1569273805603555,1441062.0,614046.0,586320.0,280104.0
2022-07-05,0.16626525130583886,0.2218335123568697,0.11686793922867161,461.0,61.0,2.0,0.0,0.1569273805603555,1441307.0,614133.0,586387.0,280226.0
2022-07-06,0.16626525130583886,0.2218335123568697,0.11686793922867161,461.0,0.0,2.0,0.0,0.1569273805603555,1441474.0,614195.0,586430.0,280310.0
2022-07-07,0.16626525130583886,0.2218335123568697,0.11686793922867161,550.0,89.0,2.0,0.0,0.1569273805603555,1441703.0,614271.0,586486.0,280429.0
2022-07-08,0.16626525130583886,0.2218335123568697,0.11686793922867161,566.0,16.0,2.0,0.0,0.1569273805603555,0.0,0.0,0.0,0.0
2022-07-09,0.16626525130583886,0.2218335123568697,0.11686793922867161,590.0,24.0,2.0,0.0,0.1569273805603555,1442458.0,614493.0,586671.0,280833.0
2022-07-10,0.16626525130583886,0.2218335123568697,0.11686793922867161,621.0,31.0,2.0,0.0,0.1569273805603555,1442804.0,614592.0,586742.0,281012.0
2022-07-11,0.16626525130583886,0.2218335123568697,0.11686793922867161,642.0,21.0,2.0,0.0,0.1569273805603555,0.0,0.0,0.0,0.0
2022-07-12,0.16626525130583886,0.2218335123568697,0.11686793922867161,663.0,21.0,3.0,1.0,0.1569273805603555,1443157.0,614677.0,586843.0,281199.0
2022-07-13,0.16626525130583886,0.2218335123568697,0.11686793922867161,663.0,0.0,3.0,0.0,0.1569273805603555,1443289.0,614700.0,586866.0,281288.0
2022-07-14,0.16626525130583886,0.2218335123568697,0.11686793922867161,696.0,33.0,5.0,2.0,0.1569273805603555,1443406.0,614726.0,586901.0,281356.0
2022-07-15,0.16626525130583886,0.2218335123568697,0.11686793922867161,711.0,15.0,5.0,0.0,0.1569273805603555,1443557.0,614758.0,586937.0,281444.0
2022-07-16,0.16626525130583886,0.2218335123568697,0.11686793922867161,727.0,16.0,5.0,0.0,0.1569273805603555,1443706.0,614779.0,586977.0,281534.0
2022-07-17,0.16626525130583886,0.2218335123568697,0.11686793922867161,742.0,15.0,5.0,0.0,0.1569273805603555,1443840.0,614807.0,587012.0,281605.0
2022-07-18,0.16626525130583886,0.2218335123568697,0.11686793922867161,756.0,14.0,5.0,0.0,0.1569273805603555,1443999.0,614846.0,587047.0,281687.0
2022-07-19,0.16626525130583886,0.2218335123568697,0.11686793922867161,762.0,6.0,5.0,0.0,0.1569273805603555,1444162.0,614892.0,587094.0,281759.0
2022-07-20,0.16626525130583886,0.2218335123568697,0.11686793922867161,772.0,10.0,5.0,0.0,0.1569273805603555,1444311.0,614926.0,587133.0,281845.0
2022-07-21,0.16626525130583886,0.2218335123568697,0.11686793922867161,781.0,9.0,6.0,1.0,0.1569273805603555,1444464.0,614951.0,587195.0,281918.0
2022-07-22,0.16626525130583886,0.2218335123568697,0.11686793922867161,783.0,2.0,6.0,0.0,0.1569273805603555,1444700.0,615022.0,587279.0,282019.0
2022-07-23,0.16626525130583886,0.2218335123568697,0.11686793922867161,783.0,0.0,6.0,0.0,0.1569273805603555,1445076.0,615098.0,587402.0,282201.0
2022-07-24,0.16626525130583886,0.2218335123568697,0.11686793922867161,785.0,2.0,6.0,0.0,0.1569273805603555,1445437.0,615180.0,587521.0,282370.0
2022-07-25,0.16626525130583886,0.2218335123568697,0.11686793922867161,787.0,2.0,6.0,0.0,0.1569273805603555,1445946.0,615293.0,587700.0,282621.0
2022-07-26,0.16626525130583886,0.2218335123568697,0.11686793922867161,788.0,1.0,6.0,0.0,0.1569273805603555,1446462.0,615410.0,587868.0,282869.0
2022-07-27,0.16626525130583886,0.2218335123568697,0.11686793922867161,788.0,0.0,6.0,0.0,0.1569273805603555,1446970.0,615554.0,588029.0,283116.0
2022-07-28,0.16626525130583886,0.2218335123568697,0.11686793922867161,789.0,1.0,6.0,0.0,0.1569273805603555,1447651.0,615784.0,588234.0,283406.0
2022-07-29,0.16626525130583886,0.2218335123568697,0.11686793922867161,791.0,2.0,6.0,0.0,0.1569273805603555,0.0,0.0,0.0,0.0
2022-07-30,0.16626525130583886,0.2218335123568697,0.11686793922867161,791.0,0.0,6.0,0.0,0.1569273805603555,0.0,0.0,0.0,0.0
2022-07-31,0.16626525130583886,0.2218335123568697,0.11686793922867161,791.0,0.0,6.0,0.0,0.1569273805603555,0.0,0.0,0.0,0.0
2022-08-01,0.16626525130583886,0.2218335123568697,0.11686793922867161,791.0,0.0,6.0,0.0,0.1569273805603555,0.0,0.0,0.0,0.0
2022-08-02,0.1421397826500262,0.17128033872749143,0.11686793922867161,791.0,0.0,6.0,0.0,0.13702501671968306,1451386.0,616692.0,589449.0,285211.0
2022-08-03,0.1421397826500262,0.17128033872749143,0.11686793922867161,791.0,0.0,6.0,0.0,0.13702501671968306,1452931.0,617077.0,0.0,286205.0
2022-08-04,0.1421397826500262,0.17128033872749143,0.11686793922867161,791.0,0.0,6.0,0.0,0.13702501671968306,1454330.0,0.0,0.0,287049.0
2022-08-05,0.1421397826500262,0.17128033872749143,0.11686793922867161,791.0,0.0,6.0,0.0,0.13702501671968306,1456299.0,0.0,0.0,287611.0
2022-08-06,0.1421397826500262,0.17128033872749143,0.11686793922867161,791.0,0.0,6.0,0.0,0.13702501671968306,1457753.0,0.0,0.0,287853.0
2022-08-07,0.15151064629224661,0.19093148240585803,0.11686793922867161,791.0,0.0,6.0,0.0,0.14476953996258865,1458855.0,617161.0,0.0,287997.0
2022-08-08,0.1434688234069757,0.17410064175540516,0.11686793922867161,791.0,0.0,6.0,0.0,0.13812834605839835,0.0,0.0,0.0,0.0
2022-08-09,0.1434688234069757,0.17410064175540516,0.11686793922867161,791.0,0.0,6.0,0.0,0.13812834605839835,1462129.0,618852.0,0.0,288546.0
2022-08-10,0.14883003866382297,0.18532120218904038,0.11686793922867161,791.0,0.0,6.0,0.0,0.142562881285158,1462770.0,618943.0,589539.0,288723.0
2022-08-11,0.14883003866382297,0.18532120218904038,0.11686793922867161,791.0,0.0,6.0,0.0,0.142562881285158,1464222.0,619133.0,0.0,289133.0
2022-08-12,0.1434688234069757,0.17410064175540516,0.11686793922867161,791.0,0.0,6.0,0.0,0.13812834605839835,1465759.0,619357.0,0.0,289557.0
2022-08-13,0.1434688234069757,0.17410064175540516,0.11686793922867161,791.0,0.0,6.0,0.0,0.13812834605839835,1467031.0,619566.0,0.0,289919.0
2022-08-14,0.13943664890707796,0.16567005851067385,0.11686793922867161,791.0,0.0,6.0,0.0,0.1348183580422524,1468142.0,619724.0,592552.0,293718.0
2022-08-15,0.13943664890707796,0.16567005851067385,0.11686793922867161,792.0,1.0,6.0,0.0,0.1348183580422524,1469729.0,619969.0,592809.0,294587.0
2022-08-16,0.13943664890707796,0.16567005851067385,0.11686793922867161,793.0,1.0,6.0,0.0,0.1348183580422524,1471526.0,620288.0,593063.0,295575.0
2022-08-17,0.13943664890707796,0.16567005851067385,0.11686793922867161,793.0,0.0,6.0,0.0,0.1348183580422524,1473193.0,620567.0,593315.0,296444.0
2022-08-18,0.13943664890707796,0.16567005851067385,0.11686793922867161,793.0,0.0,6.0,0.0,0.1348183580422524,1474802.0,620829.0,593542.0,297293.0
2022-08-19,0.13943664890707796,0.16567005851067385,0.11686793922867161,793.0,0.0,6.0,0.0,0.1348183580422524,1476470.0,621081.0,593788.0,298163.0
2022-08-20,0.13943664890707796,0.16567005851067385,0.11686793922867161,793.0,0.0,6.0,0.0,0.1348183580422524,1477703.0,621256.0,593989.0,298796.0
2022-08-21,0.13943664890707796,0.16567005851067385,0.11686793922867161,793.0,0.0,6.0,0.0,0.1348183580422524,0.0,0.0,0.0,0.0
2022-08-22,0.13943664890707796,0.16567005851067385,0.11686793922867161,793.0,0.0,6.0,0.0,0.1348183580422524,1480208.0,621638.0,594375.0,300044.0
2022-08-23,0.13943664890707796,0.16567005851067385,0.11686793922867161,793.0,0.0,6.0,0.0,0.1348183580422524,1481827.0,621882.0,594639.0,300783.0
2022-08-24,0.13943664890707796,0.16567005851067385,0.11686793922867161,793.0,0.0,6.0,0.0,0.1348183580422524,1483200.0,622096.0,594906.0,301419.0
2022-08-25,0.13943664890707796,0.16567005851067385,0.11686793922867161,793.0,0.0,6.0,0.0,0.1348183580422524,1483680.0,622167.0,595010.0,301646.0
2022-08-26,0.13943664890707796,0.16567005851067385,0.11686793922867161,793.0,0.0,6.0,0.0,0.1348183580422524,1485014.0,622377.0,595254.0,302252.0
2022-08-27,0.13943664890707796,0.16567005851067385,0.11686793922867161,793.0,0.0,6.0,0.0,0.1348183580422524,0.0,0.0,0.0,0.0
2022-08-28,0.13943664890707796,0.16567005851067385,0.11686793922867161,793.0,0.0,6.0,0.0,0.1348183580422524,1487640.0,622709.0,595687.0,303641.0
2022-08-29,0.13943664890707796,0.16567005851067385,0.11686793922867161,793.0,0.0,6.0,0.0,0.1348183580422524,1489054.0,622925.0,595972.0,304315.0
2022-08-30,0.1153111802512653,0.11511688488129561,0.09738994935722634,793.0,0.0,6.0,0.0,0.11160600618543401,1490449.0,623136.0,596295.0,304926.0
2022-08-31,0.1153111802512653,0.11511688488129561,0.09738994935722634,793.0,0.0,6.0,0.0,0.11160600618543401,1491691.0,623333.0,596561.0,305487.0
2022-09-01,0.1153111802512653,0.11511688488129561,0.09738994935722634,793.0,0.0,6.0,0.0,0.11160600618543401,1492975.0,623502.0,596837.0,306077.0
2022-09-02,0.1153111802512653,0.11511688488129561,0.09738994935722634,793.0,0.0,6.0,0.0,0.11160600618543401,1494208.0,623660.0,597070.0,306622.0
2022-09-03,0.1153111802512653,0.11511688488129561,0.09738994935722634,793.0,0.0,6.0,0.0,0.11160600618543401,1495364.0,623794.0,597324.0,307091.0
2022-09-04,0.1153111802512653,0.11511688488129561,0.09738994935722634,793.0,0.0,6.0,0.0,0.11160600618543401,1496224.0,623877.0,597493.0,307478.0
2022-09-05,0.1153111802512653,0.11511688488129561,0.09738994935722634,793.0,0.0,6.0,0.0,0.11160600618543401,1497494.0,624016.0,597724.0,307993.0
2022-09-06,0.1153111802512653,0.11511688488129561,0.09738994935722634,793.0,0.0,6.0,0.0,0.11160600618543401,1498867.0,624170.0,597975.0,308617.0
2022-09-07,0.1153111802512653,0.11511688488129561,0.09738994935722634,793.0,0.0,6.0,0.0,0.11160600618543401,1500078.0,624295.0,598157.0,309200.0
2022-09-08,0.1153111802512653,0.11511688488129561,0.09738994935722634,793.0,0.0,6.0,0.0,0.11160600618543401,1501249.0,624408.0,598334.0,309770.0
2022-09-09,0.0,0.0,0.0,793.0,0.0,6.0,0.0,0.11160600618543401,0.0,0.0,0.0,0.0
2022-09-10,0.0,0.0,0.0,793.0,0.0,6.0,0.0,0.11160600618543401,0.0,0.0,0.0,0.0
2022-09-11,0.0,0.0,0.0,793.0,0.0,6.0,0.0,0.11160600618543401,0.0,0.0,0.0,0.0
